            1:1       1:2       1:3       1:4       1:5       1:6       1:7       2:0       2:1  ...     113:4     113:5     114:0     114:1     114:2     114:3     114:4     114:5     114:6
1:1    1.000000  0.760428  0.813691  0.875638  0.691979  0.825691  0.439340  1.000000  0.728393  ...  0.959083  0.883022  1.000000  0.863102  0.897013  0.897013  0.965775  0.705546  0.675849
1:2    0.760428  1.000000  0.730369  0.825691  0.965775  0.625902  0.365540  0.760428  0.171216  ...  0.756253  0.705546  0.760428  0.691979  0.480403  0.480403  0.794652  0.959083  0.725797
1:3    0.813691  0.730369  1.000000  0.955699  0.563725  0.590899  0.180139  0.813691  0.441564  ...  0.657277  0.780727  0.813691  0.480403  0.797147  0.797147  0.813691  0.657277  0.469299
1:4    0.875638  0.825691  0.955699  1.000000  0.725797  0.781321  0.269820  0.875638  0.529390  ...  0.751007  0.862010  0.875638  0.675849  0.834099  0.834099  0.925586  0.751007  0.708428
1:5    0.691979  0.965775  0.563725  0.725797  1.000000  0.675849  0.402440  0.691979  0.171216  ...  0.730899  0.654838  0.691979  0.760428  0.397081  0.397081  0.760428  0.933729  0.825691
...         ...       ...       ...       ...       ...       ...       ...       ...       ...  ...       ...       ...       ...       ...       ...       ...       ...       ...       ...
114:2  0.897013  0.480403  0.797147  0.834099  0.397081  0.834099  0.299919  0.897013  0.893725  ...  0.780727  0.842452  0.897013  0.730369  1.000000  1.000000  0.897013  0.410376  0.590899
114:3  0.897013  0.480403  0.797147  0.834099  0.397081  0.834099  0.299919  0.897013  0.893725  ...  0.780727  0.842452  0.897013  0.730369  1.000000  1.000000  0.897013  0.410376  0.590899
114:4  0.965775  0.794652  0.813691  0.925586  0.760428  0.925586  0.414740  0.965775  0.728393  ...  0.908375  0.908375  0.965775  0.897326  0.897013  0.897013  1.000000  0.730899  0.825691
114:5  0.705546  0.959083  0.657277  0.751007  0.933729  0.566001  0.483641  0.705546  0.121463  ...  0.755833  0.755833  0.705546  0.654838  0.410376  0.410376  0.730899  1.000000  0.677005
114:6  0.675849  0.725797  0.469299  0.708428  0.825691  0.927107  0.377523  0.675849  0.529390  ...  0.677005  0.714006  0.675849  0.875638  0.590899  0.590899  0.825691  0.677005  1.000000

[6348 rows x 6348 columns]